function [m,n,ntwin,crss] = HCPsystems


%%%%%%%%%%%USER INPUTS HCP%%%%%%%%%%%%%%%
ntwin = 6;% input num of twin systems, have them at the end of m and n variables
%slip direction
m = [ 0.5 -0.866025403784439 0
0.5  0.866025403784439 0
-1 0 0
1 0 0
0.5  0.866025403784439 0
-0.5  0.866025403784439 0
1	0	0
0.500000000000000	0.866025403784439	0
-0.500000000000000	0.866025403784439	0
-1	0	0
-0.500000000000000	-0.866025403784439	0
0.500000000000000	-0.866025403784439	0
  -0.262212548140479   0.454165455761409   0.851456586321762
  -0.524425096280957                   0   0.851456586321762
  -0.262212548140479  -0.454165455761409   0.851456586321762
   0.262212548140479  -0.454165455761409   0.851456586321762
   0.524425096280957                   0   0.851456586321762
   0.262212548140479   0.454165455761409   0.851456586321762
                   0   0.729578739800205   0.683896821480803
                   0  -0.729578739800205   0.683896821480803
   0.631833722728014   0.364789369900102   0.683896821480803
  -0.631833722728014  -0.364789369900102   0.683896821480803
  -0.631833722728014   0.364789369900102   0.683896821480803
   0.631833722728014  -0.364789369900102   0.683896821480803
];

%slip normals
n = [0 0 1
0 0 1
0 0 1
0 1 0
-0.866025403784439 0.5 0
-0.866025403784439 -0.5 0
                   0  -0.882329155704540   0.470632830339866
   0.764119463339807  -0.441164577852270   0.470632830339866
   0.764119463339807   0.441164577852270   0.470632830339866
                   0   0.882329155704540   0.470632830339866
  -0.764119463339807   0.441164577852270   0.470632830339866
  -0.764119463339807  -0.441164577852270   0.470632830339866
   0.425728293160881  -0.737383033974224   0.524425096280957
   0.851456586321762                   0   0.524425096280957
   0.425728293160881   0.737383033974224   0.524425096280957
  -0.425728293160881   0.737383033974224   0.524425096280957
  -0.851456586321762                   0   0.524425096280957
  -0.425728293160881  -0.737383033974224   0.524425096280957
                   0  -0.683896821480803   0.729578739800205
                   0   0.683896821480803   0.729578739800205
  -0.592272020969806  -0.341948410740401   0.729578739800205
   0.592272020969806   0.341948410740401   0.729578739800205
   0.592272020969806  -0.341948410740401   0.729578739800205
  -0.592272020969806   0.341948410740401   0.729578739800205
];

%crss 
crss = [ones(3,1);ones(3,1)*2;ones(6,1)*2;ones(6,1)*2.5;ones(6,1)*1.7]; %using CRSS ratios for T6 WE43, rounded
%%%%%%%%%%%%%%%%%%%%%%%%%%%%%%%%%%